Index       TIME              V(2)       
0        0.00000000e+00    1.73514100e+00
1        1.00000000e-10    1.73514306e+00
2        3.00000000e-10    1.73514718e+00
3        7.00000000e-10    1.73515542e+00
4        1.50000000e-09    1.73517190e+00
5        2.50000000e-09    1.73519250e+00
6        3.50000000e-09    1.73521310e+00
7        4.50000000e-09    1.73523369e+00
8        5.50000000e-09    1.73525429e+00
9        6.50000000e-09    1.73527488e+00
10       7.50000000e-09    1.73529547e+00
11       8.50000000e-09    1.73531606e+00
12       9.50000000e-09    1.73533664e+00
13       1.05000000e-08    1.73535722e+00
14       1.15000000e-08    1.73537780e+00
15       1.25000000e-08    1.73539838e+00
16       1.35000000e-08    1.73541896e+00
17       1.45000000e-08    1.73543953e+00
18       1.55000000e-08    1.73546011e+00
19       1.65000000e-08    1.73548068e+00
20       1.75000000e-08    1.73550125e+00
21       1.85000000e-08    1.73552181e+00
22       1.95000000e-08    1.73554238e+00
23       2.05000000e-08    1.73556294e+00
24       2.15000000e-08    1.73558350e+00
25       2.25000000e-08    1.73560406e+00
26       2.35000000e-08    1.73562461e+00
27       2.45000000e-08    1.73564517e+00
28       2.55000000e-08    1.73566572e+00
29       2.65000000e-08    1.73568627e+00
30       2.75000000e-08    1.73570682e+00
31       2.85000000e-08    1.73572736e+00
32       2.95000000e-08    1.73574791e+00
33       3.05000000e-08    1.73576845e+00
34       3.15000000e-08    1.73578899e+00
35       3.25000000e-08    1.73580953e+00
36       3.35000000e-08    1.73583006e+00
37       3.45000000e-08    1.73585060e+00
38       3.55000000e-08    1.73587113e+00
39       3.65000000e-08    1.73589166e+00
40       3.75000000e-08    1.73591218e+00
41       3.85000000e-08    1.73593271e+00
42       3.95000000e-08    1.73595323e+00
43       4.05000000e-08    1.73597375e+00
44       4.15000000e-08    1.73599427e+00
45       4.25000000e-08    1.73601479e+00
46       4.35000000e-08    1.73603531e+00
47       4.45000000e-08    1.73605582e+00
48       4.55000000e-08    1.73607633e+00
49       4.65000000e-08    1.73609684e+00
50       4.75000000e-08    1.73611735e+00
51       4.85000000e-08    1.73613785e+00
52       4.95000000e-08    1.73615835e+00
53       5.05000000e-08    1.73617885e+00
54       5.15000000e-08    1.73619935e+00
55       5.25000000e-08    1.73621985e+00
56       5.35000000e-08    1.73624034e+00
57       5.45000000e-08    1.73626084e+00
58       5.55000000e-08    1.73628133e+00
59       5.65000000e-08    1.73630182e+00
60       5.75000000e-08    1.73632230e+00
61       5.85000000e-08    1.73634279e+00
62       5.95000000e-08    1.73636327e+00
63       6.05000000e-08    1.73638375e+00
64       6.15000000e-08    1.73640423e+00
65       6.25000000e-08    1.73642470e+00
66       6.35000000e-08    1.73644518e+00
67       6.45000000e-08    1.73646565e+00
68       6.55000000e-08    1.73648612e+00
69       6.65000000e-08    1.73650659e+00
70       6.75000000e-08    1.73652705e+00
71       6.85000000e-08    1.73654752e+00
72       6.95000000e-08    1.73656798e+00
73       7.05000000e-08    1.73658844e+00
74       7.15000000e-08    1.73660890e+00
75       7.25000000e-08    1.73662935e+00
76       7.35000000e-08    1.73664981e+00
77       7.45000000e-08    1.73667026e+00
78       7.55000000e-08    1.73669071e+00
79       7.65000000e-08    1.73671115e+00
80       7.75000000e-08    1.73673160e+00
81       7.85000000e-08    1.73675204e+00
82       7.95000000e-08    1.73677248e+00
83       8.05000000e-08    1.73679292e+00
84       8.15000000e-08    1.73681336e+00
85       8.25000000e-08    1.73683380e+00
86       8.35000000e-08    1.73685423e+00
87       8.45000000e-08    1.73687466e+00
88       8.55000000e-08    1.73689509e+00
89       8.65000000e-08    1.73691552e+00
90       8.75000000e-08    1.73693594e+00
91       8.85000000e-08    1.73695636e+00
92       8.95000000e-08    1.73697679e+00
93       9.05000000e-08    1.73699720e+00
94       9.15000000e-08    1.73701762e+00
95       9.25000000e-08    1.73703804e+00
96       9.35000000e-08    1.73705845e+00
97       9.45000000e-08    1.73707886e+00
98       9.55000000e-08    1.73709927e+00
99       9.65000000e-08    1.73711968e+00
100      9.75000000e-08    1.73714008e+00
101      9.85000000e-08    1.73716048e+00
102      9.95000000e-08    1.73718088e+00
103      1.00500000e-07    1.73720128e+00
104      1.01500000e-07    1.73722168e+00
105      1.02500000e-07    1.73724207e+00
106      1.03500000e-07    1.73726246e+00
107      1.04500000e-07    1.73728286e+00
108      1.05500000e-07    1.73730324e+00
109      1.06500000e-07    1.73732363e+00
110      1.07500000e-07    1.73734401e+00
111      1.08500000e-07    1.73736440e+00
112      1.09500000e-07    1.73738478e+00
113      1.10500000e-07    1.73740515e+00
114      1.11500000e-07    1.73742553e+00
115      1.12500000e-07    1.73744590e+00
116      1.13500000e-07    1.73746628e+00
117      1.14500000e-07    1.73748665e+00
118      1.15500000e-07    1.73750701e+00
119      1.16500000e-07    1.73752738e+00
120      1.17500000e-07    1.73754774e+00
121      1.18500000e-07    1.73756811e+00
122      1.19500000e-07    1.73758847e+00
123      1.20500000e-07    1.73760882e+00
124      1.21500000e-07    1.73762918e+00
125      1.22500000e-07    1.73764953e+00
126      1.23500000e-07    1.73766988e+00
127      1.24500000e-07    1.73769023e+00
128      1.25500000e-07    1.73771058e+00
129      1.26500000e-07    1.73773093e+00
130      1.27500000e-07    1.73775127e+00
131      1.28500000e-07    1.73777161e+00
132      1.29500000e-07    1.73779195e+00
133      1.30500000e-07    1.73781229e+00
134      1.31500000e-07    1.73783262e+00
135      1.32500000e-07    1.73785296e+00
136      1.33500000e-07    1.73787329e+00
137      1.34500000e-07    1.73789362e+00
138      1.35500000e-07    1.73791395e+00
139      1.36500000e-07    1.73793427e+00
140      1.37500000e-07    1.73795459e+00
141      1.38500000e-07    1.73797491e+00
142      1.39500000e-07    1.73799523e+00
143      1.40500000e-07    1.73801555e+00
144      1.41500000e-07    1.73803587e+00
145      1.42500000e-07    1.73805618e+00
146      1.43500000e-07    1.73807649e+00
147      1.44500000e-07    1.73809680e+00
148      1.45500000e-07    1.73811711e+00
149      1.46500000e-07    1.73813741e+00
150      1.47500000e-07    1.73815771e+00
151      1.48500000e-07    1.73817801e+00
152      1.49500000e-07    1.73819831e+00
153      1.50500000e-07    1.73821861e+00
154      1.51500000e-07    1.73823890e+00
155      1.52500000e-07    1.73825920e+00
156      1.53500000e-07    1.73827949e+00
157      1.54500000e-07    1.73829978e+00
158      1.55500000e-07    1.73832006e+00
159      1.56500000e-07    1.73834035e+00
160      1.57500000e-07    1.73836063e+00
161      1.58500000e-07    1.73838091e+00
162      1.59500000e-07    1.73840119e+00
163      1.60500000e-07    1.73842147e+00
164      1.61500000e-07    1.73844174e+00
165      1.62500000e-07    1.73846201e+00
166      1.63500000e-07    1.73848228e+00
167      1.64500000e-07    1.73850255e+00
168      1.65500000e-07    1.73852282e+00
169      1.66500000e-07    1.73854308e+00
170      1.67500000e-07    1.73856334e+00
171      1.68500000e-07    1.73858360e+00
172      1.69500000e-07    1.73860386e+00
173      1.70500000e-07    1.73862412e+00
174      1.71500000e-07    1.73864437e+00
175      1.72500000e-07    1.73866463e+00
176      1.73500000e-07    1.73868488e+00
177      1.74500000e-07    1.73870512e+00
178      1.75500000e-07    1.73872537e+00
179      1.76500000e-07    1.73874561e+00
180      1.77500000e-07    1.73876586e+00
181      1.78500000e-07    1.73878610e+00
182      1.79500000e-07    1.73880633e+00
183      1.80500000e-07    1.73882657e+00
184      1.81500000e-07    1.73884680e+00
185      1.82500000e-07    1.73886704e+00
186      1.83500000e-07    1.73888727e+00
187      1.84500000e-07    1.73890749e+00
188      1.85500000e-07    1.73892772e+00
189      1.86500000e-07    1.73894794e+00
190      1.87500000e-07    1.73896816e+00
191      1.88500000e-07    1.73898838e+00
192      1.89500000e-07    1.73900860e+00
193      1.90500000e-07    1.73902882e+00
194      1.91500000e-07    1.73904903e+00
195      1.92500000e-07    1.73906924e+00
196      1.93500000e-07    1.73908945e+00
197      1.94500000e-07    1.73910966e+00
198      1.95500000e-07    1.73912987e+00
199      1.96500000e-07    1.73915007e+00
200      1.97500000e-07    1.73917027e+00
201      1.98500000e-07    1.73919047e+00
202      1.99500000e-07    1.73921067e+00
203      2.00500000e-07    1.73923086e+00
204      2.01500000e-07    1.73925106e+00
205      2.02500000e-07    1.73927125e+00
206      2.03500000e-07    1.73929144e+00
207      2.04500000e-07    1.73931163e+00
208      2.05500000e-07    1.73933181e+00
209      2.06500000e-07    1.73935199e+00
210      2.07500000e-07    1.73937218e+00
211      2.08500000e-07    1.73939236e+00
212      2.09500000e-07    1.73941253e+00
213      2.10500000e-07    1.73943271e+00
214      2.11500000e-07    1.73945288e+00
215      2.12500000e-07    1.73947305e+00
216      2.13500000e-07    1.73949322e+00
217      2.14500000e-07    1.73951339e+00
218      2.15500000e-07    1.73953355e+00
219      2.16500000e-07    1.73955372e+00
220      2.17500000e-07    1.73957388e+00
221      2.18500000e-07    1.73959404e+00
222      2.19500000e-07    1.73961420e+00
223      2.20500000e-07    1.73963435e+00
224      2.21500000e-07    1.73965450e+00
225      2.22500000e-07    1.73967465e+00
226      2.23500000e-07    1.73969480e+00
227      2.24500000e-07    1.73971495e+00
228      2.25500000e-07    1.73973510e+00
229      2.26500000e-07    1.73975524e+00
230      2.27500000e-07    1.73977538e+00
231      2.28500000e-07    1.73979552e+00
232      2.29500000e-07    1.73981566e+00
233      2.30500000e-07    1.73983579e+00
234      2.31500000e-07    1.73985592e+00
235      2.32500000e-07    1.73987606e+00
236      2.33500000e-07    1.73989618e+00
237      2.34500000e-07    1.73991631e+00
238      2.35500000e-07    1.73993644e+00
239      2.36500000e-07    1.73995656e+00
240      2.37500000e-07    1.73997668e+00
241      2.38500000e-07    1.73999680e+00
242      2.39500000e-07    1.74001692e+00
243      2.40500000e-07    1.74003703e+00
244      2.41500000e-07    1.74005714e+00
245      2.42500000e-07    1.74007725e+00
246      2.43500000e-07    1.74009736e+00
247      2.44500000e-07    1.74011747e+00
248      2.45500000e-07    1.74013758e+00
249      2.46500000e-07    1.74015768e+00
250      2.47500000e-07    1.74017778e+00
251      2.48500000e-07    1.74019788e+00
252      2.49500000e-07    1.74021797e+00
253      2.50500000e-07    1.74023807e+00
254      2.51500000e-07    1.74025816e+00
255      2.52500000e-07    1.74027825e+00
256      2.53500000e-07    1.74029834e+00
257      2.54500000e-07    1.74031843e+00
258      2.55500000e-07    1.74033851e+00
259      2.56500000e-07    1.74035860e+00
260      2.57500000e-07    1.74037868e+00
261      2.58500000e-07    1.74039876e+00
262      2.59500000e-07    1.74041883e+00
263      2.60500000e-07    1.74043891e+00
264      2.61500000e-07    1.74045898e+00
265      2.62500000e-07    1.74047905e+00
266      2.63500000e-07    1.74049912e+00
267      2.64500000e-07    1.74051919e+00
268      2.65500000e-07    1.74053925e+00
269      2.66500000e-07    1.74055931e+00
270      2.67500000e-07    1.74057937e+00
271      2.68500000e-07    1.74059943e+00
272      2.69500000e-07    1.74061949e+00
273      2.70500000e-07    1.74063954e+00
274      2.71500000e-07    1.74065960e+00
275      2.72500000e-07    1.74067965e+00
276      2.73500000e-07    1.74069970e+00
277      2.74500000e-07    1.74071974e+00
278      2.75500000e-07    1.74073979e+00
279      2.76500000e-07    1.74075983e+00
280      2.77500000e-07    1.74077987e+00
281      2.78500000e-07    1.74079991e+00
282      2.79500000e-07    1.74081995e+00
283      2.80500000e-07    1.74083998e+00
284      2.81500000e-07    1.74086001e+00
285      2.82500000e-07    1.74088004e+00
286      2.83500000e-07    1.74090007e+00
287      2.84500000e-07    1.74092010e+00
288      2.85500000e-07    1.74094012e+00
289      2.86500000e-07    1.74096015e+00
290      2.87500000e-07    1.74098017e+00
291      2.88500000e-07    1.74100018e+00
292      2.89500000e-07    1.74102020e+00
293      2.90500000e-07    1.74104022e+00
294      2.91500000e-07    1.74106023e+00
295      2.92500000e-07    1.74108024e+00
296      2.93500000e-07    1.74110025e+00
297      2.94500000e-07    1.74112025e+00
298      2.95500000e-07    1.74114026e+00
299      2.96500000e-07    1.74116026e+00
300      2.97500000e-07    1.74118026e+00
301      2.98500000e-07    1.74120026e+00
302      2.99500000e-07    1.74122026e+00
303      3.00500000e-07    1.74124025e+00
304      3.01500000e-07    1.74126024e+00
305      3.02500000e-07    1.74128023e+00
306      3.03500000e-07    1.74130022e+00
307      3.04500000e-07    1.74132021e+00
308      3.05500000e-07    1.74134019e+00
309      3.06500000e-07    1.74136018e+00
310      3.07500000e-07    1.74138016e+00
311      3.08500000e-07    1.74140014e+00
312      3.09500000e-07    1.74142011e+00
313      3.10500000e-07    1.74144009e+00
314      3.11500000e-07    1.74146006e+00
315      3.12500000e-07    1.74148003e+00
316      3.13500000e-07    1.74150000e+00
317      3.14500000e-07    1.74151997e+00
318      3.15500000e-07    1.74153993e+00
319      3.16500000e-07    1.74155989e+00
320      3.17500000e-07    1.74157985e+00
321      3.18500000e-07    1.74159981e+00
322      3.19500000e-07    1.74161977e+00
323      3.20500000e-07    1.74163972e+00
324      3.21500000e-07    1.74165968e+00
325      3.22500000e-07    1.74167963e+00
326      3.23500000e-07    1.74169958e+00
327      3.24500000e-07    1.74171952e+00
328      3.25500000e-07    1.74173947e+00
329      3.26500000e-07    1.74175941e+00
330      3.27500000e-07    1.74177935e+00
331      3.28500000e-07    1.74179929e+00
332      3.29500000e-07    1.74181923e+00
333      3.30500000e-07    1.74183916e+00
334      3.31500000e-07    1.74185909e+00
335      3.32500000e-07    1.74187902e+00
336      3.33500000e-07    1.74189895e+00
337      3.34500000e-07    1.74191888e+00
338      3.35500000e-07    1.74193880e+00
339      3.36500000e-07    1.74195873e+00
340      3.37500000e-07    1.74197865e+00
341      3.38500000e-07    1.74199857e+00
342      3.39500000e-07    1.74201848e+00
343      3.40500000e-07    1.74203840e+00
344      3.41500000e-07    1.74205831e+00
345      3.42500000e-07    1.74207822e+00
346      3.43500000e-07    1.74209813e+00
347      3.44500000e-07    1.74211804e+00
348      3.45500000e-07    1.74213794e+00
349      3.46500000e-07    1.74215784e+00
350      3.47500000e-07    1.74217774e+00
351      3.48500000e-07    1.74219764e+00
352      3.49500000e-07    1.74221754e+00
353      3.50500000e-07    1.74223744e+00
354      3.51500000e-07    1.74225733e+00
355      3.52500000e-07    1.74227722e+00
356      3.53500000e-07    1.74229711e+00
357      3.54500000e-07    1.74231699e+00
358      3.55500000e-07    1.74233688e+00
359      3.56500000e-07    1.74235676e+00
360      3.57500000e-07    1.74237664e+00
361      3.58500000e-07    1.74239652e+00
362      3.59500000e-07    1.74241640e+00
363      3.60500000e-07    1.74243627e+00
364      3.61500000e-07    1.74245615e+00
365      3.62500000e-07    1.74247602e+00
366      3.63500000e-07    1.74249589e+00
367      3.64500000e-07    1.74251575e+00
368      3.65500000e-07    1.74253562e+00
369      3.66500000e-07    1.74255548e+00
370      3.67500000e-07    1.74257534e+00
371      3.68500000e-07    1.74259520e+00
372      3.69500000e-07    1.74261506e+00
373      3.70500000e-07    1.74263491e+00
374      3.71500000e-07    1.74265477e+00
375      3.72500000e-07    1.74267462e+00
376      3.73500000e-07    1.74269447e+00
377      3.74500000e-07    1.74271432e+00
378      3.75500000e-07    1.74273416e+00
379      3.76500000e-07    1.74275400e+00
380      3.77500000e-07    1.74277384e+00
381      3.78500000e-07    1.74279368e+00
382      3.79500000e-07    1.74281352e+00
383      3.80500000e-07    1.74283336e+00
384      3.81500000e-07    1.74285319e+00
385      3.82500000e-07    1.74287302e+00
386      3.83500000e-07    1.74289285e+00
387      3.84500000e-07    1.74291268e+00
388      3.85500000e-07    1.74293250e+00
389      3.86500000e-07    1.74295233e+00
390      3.87500000e-07    1.74297215e+00
391      3.88500000e-07    1.74299197e+00
392      3.89500000e-07    1.74301178e+00
393      3.90500000e-07    1.74303160e+00
394      3.91500000e-07    1.74305141e+00
395      3.92500000e-07    1.74307122e+00
396      3.93500000e-07    1.74309103e+00
397      3.94500000e-07    1.74311084e+00
398      3.95500000e-07    1.74313065e+00
399      3.96500000e-07    1.74315045e+00
400      3.97500000e-07    1.74317025e+00
401      3.98500000e-07    1.74319005e+00
402      3.99500000e-07    1.74320985e+00
403      4.00500000e-07    1.74322965e+00
404      4.01500000e-07    1.74324944e+00
405      4.02500000e-07    1.74326923e+00
406      4.03500000e-07    1.74328902e+00
407      4.04500000e-07    1.74330881e+00
408      4.05500000e-07    1.74332859e+00
409      4.06500000e-07    1.74334838e+00
410      4.07500000e-07    1.74336816e+00
411      4.08500000e-07    1.74338794e+00
412      4.09500000e-07    1.74340772e+00
413      4.10500000e-07    1.74342749e+00
414      4.11500000e-07    1.74344727e+00
415      4.12500000e-07    1.74346704e+00
416      4.13500000e-07    1.74348681e+00
417      4.14500000e-07    1.74350658e+00
418      4.15500000e-07    1.74352634e+00
419      4.16500000e-07    1.74354611e+00
420      4.17500000e-07    1.74356587e+00
421      4.18500000e-07    1.74358563e+00
422      4.19500000e-07    1.74360539e+00
423      4.20500000e-07    1.74362514e+00
424      4.21500000e-07    1.74364490e+00
425      4.22500000e-07    1.74366465e+00
426      4.23500000e-07    1.74368440e+00
427      4.24500000e-07    1.74370415e+00
428      4.25500000e-07    1.74372389e+00
429      4.26500000e-07    1.74374364e+00
430      4.27500000e-07    1.74376338e+00
431      4.28500000e-07    1.74378312e+00
432      4.29500000e-07    1.74380286e+00
433      4.30500000e-07    1.74382259e+00
434      4.31500000e-07    1.74384233e+00
435      4.32500000e-07    1.74386206e+00
436      4.33500000e-07    1.74388179e+00
437      4.34500000e-07    1.74390152e+00
438      4.35500000e-07    1.74392125e+00
439      4.36500000e-07    1.74394097e+00
440      4.37500000e-07    1.74396069e+00
441      4.38500000e-07    1.74398041e+00
442      4.39500000e-07    1.74400013e+00
443      4.40500000e-07    1.74401985e+00
444      4.41500000e-07    1.74403956e+00
445      4.42500000e-07    1.74405928e+00
446      4.43500000e-07    1.74407899e+00
447      4.44500000e-07    1.74409870e+00
448      4.45500000e-07    1.74411840e+00
449      4.46500000e-07    1.74413811e+00
450      4.47500000e-07    1.74415781e+00
451      4.48500000e-07    1.74417751e+00
452      4.49500000e-07    1.74419721e+00
453      4.50500000e-07    1.74421691e+00
454      4.51500000e-07    1.74423660e+00
455      4.52500000e-07    1.74425629e+00
456      4.53500000e-07    1.74427599e+00
457      4.54500000e-07    1.74429567e+00
458      4.55500000e-07    1.74431536e+00
459      4.56500000e-07    1.74433505e+00
460      4.57500000e-07    1.74435473e+00
461      4.58500000e-07    1.74437441e+00
462      4.59500000e-07    1.74439409e+00
463      4.60500000e-07    1.74441377e+00
464      4.61500000e-07    1.74443344e+00
465      4.62500000e-07    1.74445312e+00
466      4.63500000e-07    1.74447279e+00
467      4.64500000e-07    1.74449246e+00
468      4.65500000e-07    1.74451212e+00
469      4.66500000e-07    1.74453179e+00
470      4.67500000e-07    1.74455145e+00
471      4.68500000e-07    1.74457111e+00
472      4.69500000e-07    1.74459077e+00
473      4.70500000e-07    1.74461043e+00
474      4.71500000e-07    1.74463009e+00
475      4.72500000e-07    1.74464974e+00
476      4.73500000e-07    1.74466939e+00
477      4.74500000e-07    1.74468904e+00
478      4.75500000e-07    1.74470869e+00
479      4.76500000e-07    1.74472834e+00
480      4.77500000e-07    1.74474798e+00
481      4.78500000e-07    1.74476762e+00
482      4.79500000e-07    1.74478726e+00
483      4.80500000e-07    1.74480690e+00
484      4.81500000e-07    1.74482653e+00
485      4.82500000e-07    1.74484617e+00
486      4.83500000e-07    1.74486580e+00
487      4.84500000e-07    1.74488543e+00
488      4.85500000e-07    1.74490506e+00
489      4.86500000e-07    1.74492468e+00
490      4.87500000e-07    1.74494431e+00
491      4.88500000e-07    1.74496393e+00
492      4.89500000e-07    1.74498355e+00
493      4.90500000e-07    1.74500317e+00
494      4.91500000e-07    1.74502279e+00
495      4.92500000e-07    1.74504240e+00
496      4.93500000e-07    1.74506201e+00
497      4.94500000e-07    1.74508162e+00
498      4.95500000e-07    1.74510123e+00
499      4.96500000e-07    1.74512084e+00
500      4.97500000e-07    1.74514044e+00
501      4.98500000e-07    1.74516005e+00
502      4.99500000e-07    1.74517965e+00
503      5.00500000e-07    1.74519924e+00
504      5.01500000e-07    1.74521884e+00
505      5.02500000e-07    1.74523844e+00
506      5.03500000e-07    1.74525803e+00
507      5.04500000e-07    1.74527762e+00
508      5.05500000e-07    1.74529721e+00
509      5.06500000e-07    1.74531680e+00
510      5.07500000e-07    1.74533638e+00
511      5.08500000e-07    1.74535596e+00
512      5.09500000e-07    1.74537554e+00
513      5.10500000e-07    1.74539512e+00
514      5.11500000e-07    1.74541470e+00
515      5.12500000e-07    1.74543428e+00
516      5.13500000e-07    1.74545385e+00
517      5.14500000e-07    1.74547342e+00
518      5.15500000e-07    1.74549299e+00
519      5.16500000e-07    1.74551256e+00
520      5.17500000e-07    1.74553212e+00
521      5.18500000e-07    1.74555169e+00
522      5.19500000e-07    1.74557125e+00
523      5.20500000e-07    1.74559081e+00
524      5.21500000e-07    1.74561036e+00
525      5.22500000e-07    1.74562992e+00
526      5.23500000e-07    1.74564947e+00
527      5.24500000e-07    1.74566902e+00
528      5.25500000e-07    1.74568857e+00
529      5.26500000e-07    1.74570812e+00
530      5.27500000e-07    1.74572767e+00
531      5.28500000e-07    1.74574721e+00
532      5.29500000e-07    1.74576675e+00
533      5.30500000e-07    1.74578629e+00
534      5.31500000e-07    1.74580583e+00
535      5.32500000e-07    1.74582537e+00
536      5.33500000e-07    1.74584490e+00
537      5.34500000e-07    1.74586443e+00
538      5.35500000e-07    1.74588396e+00
539      5.36500000e-07    1.74590349e+00
540      5.37500000e-07    1.74592302e+00
541      5.38500000e-07    1.74594254e+00
542      5.39500000e-07    1.74596207e+00
543      5.40500000e-07    1.74598159e+00
544      5.41500000e-07    1.74600110e+00
545      5.42500000e-07    1.74602062e+00
546      5.43500000e-07    1.74604014e+00
547      5.44500000e-07    1.74605965e+00
548      5.45500000e-07    1.74607916e+00
549      5.46500000e-07    1.74609867e+00
550      5.47500000e-07    1.74611817e+00
551      5.48500000e-07    1.74613768e+00
552      5.49500000e-07    1.74615718e+00
553      5.50500000e-07    1.74617668e+00
554      5.51500000e-07    1.74619618e+00
555      5.52500000e-07    1.74621568e+00
556      5.53500000e-07    1.74623517e+00
557      5.54500000e-07    1.74625467e+00
558      5.55500000e-07    1.74627416e+00
559      5.56500000e-07    1.74629365e+00
560      5.57500000e-07    1.74631313e+00
561      5.58500000e-07    1.74633262e+00
562      5.59500000e-07    1.74635210e+00
563      5.60500000e-07    1.74637158e+00
564      5.61500000e-07    1.74639106e+00
565      5.62500000e-07    1.74641054e+00
566      5.63500000e-07    1.74643002e+00
567      5.64500000e-07    1.74644949e+00
568      5.65500000e-07    1.74646896e+00
569      5.66500000e-07    1.74648843e+00
570      5.67500000e-07    1.74650790e+00
571      5.68500000e-07    1.74652737e+00
572      5.69500000e-07    1.74654683e+00
573      5.70500000e-07    1.74656629e+00
574      5.71500000e-07    1.74658575e+00
575      5.72500000e-07    1.74660521e+00
576      5.73500000e-07    1.74662467e+00
577      5.74500000e-07    1.74664412e+00
578      5.75500000e-07    1.74666357e+00
579      5.76500000e-07    1.74668302e+00
580      5.77500000e-07    1.74670247e+00
581      5.78500000e-07    1.74672192e+00
582      5.79500000e-07    1.74674136e+00
583      5.80500000e-07    1.74676080e+00
584      5.81500000e-07    1.74678024e+00
585      5.82500000e-07    1.74679968e+00
586      5.83500000e-07    1.74681912e+00
587      5.84500000e-07    1.74683855e+00
588      5.85500000e-07    1.74685799e+00
589      5.86500000e-07    1.74687742e+00
590      5.87500000e-07    1.74689685e+00
591      5.88500000e-07    1.74691627e+00
592      5.89500000e-07    1.74693570e+00
593      5.90500000e-07    1.74695512e+00
594      5.91500000e-07    1.74697454e+00
595      5.92500000e-07    1.74699396e+00
596      5.93500000e-07    1.74701338e+00
597      5.94500000e-07    1.74703279e+00
598      5.95500000e-07    1.74705221e+00
599      5.96500000e-07    1.74707162e+00
600      5.97500000e-07    1.74709103e+00
601      5.98500000e-07    1.74711044e+00
602      5.99500000e-07    1.74712984e+00
603      6.00500000e-07    1.74714925e+00
604      6.01500000e-07    1.74716865e+00
605      6.02500000e-07    1.74718805e+00
606      6.03500000e-07    1.74720745e+00
607      6.04500000e-07    1.74722684e+00
608      6.05500000e-07    1.74724623e+00
609      6.06500000e-07    1.74726563e+00
610      6.07500000e-07    1.74728502e+00
611      6.08500000e-07    1.74730441e+00
612      6.09500000e-07    1.74732379e+00
613      6.10500000e-07    1.74734318e+00
614      6.11500000e-07    1.74736256e+00
615      6.12500000e-07    1.74738194e+00
616      6.13500000e-07    1.74740132e+00
617      6.14500000e-07    1.74742069e+00
618      6.15500000e-07    1.74744007e+00
619      6.16500000e-07    1.74745944e+00
620      6.17500000e-07    1.74747881e+00
621      6.18500000e-07    1.74749818e+00
622      6.19500000e-07    1.74751755e+00
623      6.20500000e-07    1.74753691e+00
624      6.21500000e-07    1.74755627e+00
625      6.22500000e-07    1.74757564e+00
626      6.23500000e-07    1.74759499e+00
627      6.24500000e-07    1.74761435e+00
628      6.25500000e-07    1.74763371e+00
629      6.26500000e-07    1.74765306e+00
630      6.27500000e-07    1.74767241e+00
631      6.28500000e-07    1.74769176e+00
632      6.29500000e-07    1.74771111e+00
633      6.30500000e-07    1.74773045e+00
634      6.31500000e-07    1.74774980e+00
635      6.32500000e-07    1.74776914e+00
636      6.33500000e-07    1.74778848e+00
637      6.34500000e-07    1.74780782e+00
638      6.35500000e-07    1.74782715e+00
639      6.36500000e-07    1.74784649e+00
640      6.37500000e-07    1.74786582e+00
641      6.38500000e-07    1.74788515e+00
642      6.39500000e-07    1.74790448e+00
643      6.40500000e-07    1.74792380e+00
644      6.41500000e-07    1.74794313e+00
645      6.42500000e-07    1.74796245e+00
646      6.43500000e-07    1.74798177e+00
647      6.44500000e-07    1.74800109e+00
648      6.45500000e-07    1.74802040e+00
649      6.46500000e-07    1.74803972e+00
650      6.47500000e-07    1.74805903e+00
651      6.48500000e-07    1.74807834e+00
652      6.49500000e-07    1.74809765e+00
653      6.50500000e-07    1.74811696e+00
654      6.51500000e-07    1.74813626e+00
655      6.52500000e-07    1.74815557e+00
656      6.53500000e-07    1.74817487e+00
657      6.54500000e-07    1.74819417e+00
658      6.55500000e-07    1.74821346e+00
659      6.56500000e-07    1.74823276e+00
660      6.57500000e-07    1.74825205e+00
661      6.58500000e-07    1.74827134e+00
662      6.59500000e-07    1.74829063e+00
663      6.60500000e-07    1.74830992e+00
664      6.61500000e-07    1.74832921e+00
665      6.62500000e-07    1.74834849e+00
666      6.63500000e-07    1.74836777e+00
667      6.64500000e-07    1.74838705e+00
668      6.65500000e-07    1.74840633e+00
669      6.66500000e-07    1.74842561e+00
670      6.67500000e-07    1.74844488e+00
671      6.68500000e-07    1.74846415e+00
672      6.69500000e-07    1.74848342e+00
673      6.70500000e-07    1.74850269e+00
674      6.71500000e-07    1.74852196e+00
675      6.72500000e-07    1.74854122e+00
676      6.73500000e-07    1.74856048e+00
677      6.74500000e-07    1.74857974e+00
678      6.75500000e-07    1.74859900e+00
679      6.76500000e-07    1.74861826e+00
680      6.77500000e-07    1.74863751e+00
681      6.78500000e-07    1.74865677e+00
682      6.79500000e-07    1.74867602e+00
683      6.80500000e-07    1.74869527e+00
684      6.81500000e-07    1.74871451e+00
685      6.82500000e-07    1.74873376e+00
686      6.83500000e-07    1.74875300e+00
687      6.84500000e-07    1.74877224e+00
688      6.85500000e-07    1.74879148e+00
689      6.86500000e-07    1.74881072e+00
690      6.87500000e-07    1.74882996e+00
691      6.88500000e-07    1.74884919e+00
692      6.89500000e-07    1.74886842e+00
693      6.90500000e-07    1.74888765e+00
694      6.91500000e-07    1.74890688e+00
695      6.92500000e-07    1.74892611e+00
696      6.93500000e-07    1.74894533e+00
697      6.94500000e-07    1.74896455e+00
698      6.95500000e-07    1.74898377e+00
699      6.96500000e-07    1.74900299e+00
700      6.97500000e-07    1.74902221e+00
701      6.98500000e-07    1.74904142e+00
702      6.99500000e-07    1.74906063e+00
703      7.00500000e-07    1.74907984e+00
704      7.01500000e-07    1.74909905e+00
705      7.02500000e-07    1.74911826e+00
706      7.03500000e-07    1.74913746e+00
707      7.04500000e-07    1.74915667e+00
708      7.05500000e-07    1.74917587e+00
709      7.06500000e-07    1.74919507e+00
710      7.07500000e-07    1.74921426e+00
711      7.08500000e-07    1.74923346e+00
712      7.09500000e-07    1.74925265e+00
713      7.10500000e-07    1.74927184e+00
714      7.11500000e-07    1.74929103e+00
715      7.12500000e-07    1.74931022e+00
716      7.13500000e-07    1.74932941e+00
717      7.14500000e-07    1.74934859e+00
718      7.15500000e-07    1.74936777e+00
719      7.16500000e-07    1.74938695e+00
720      7.17500000e-07    1.74940613e+00
721      7.18500000e-07    1.74942531e+00
722      7.19500000e-07    1.74944448e+00
723      7.20500000e-07    1.74946365e+00
724      7.21500000e-07    1.74948282e+00
725      7.22500000e-07    1.74950199e+00
726      7.23500000e-07    1.74952116e+00
727      7.24500000e-07    1.74954032e+00
728      7.25500000e-07    1.74955948e+00
729      7.26500000e-07    1.74957865e+00
730      7.27500000e-07    1.74959780e+00
731      7.28500000e-07    1.74961696e+00
732      7.29500000e-07    1.74963612e+00
733      7.30500000e-07    1.74965527e+00
734      7.31500000e-07    1.74967442e+00
735      7.32500000e-07    1.74969357e+00
736      7.33500000e-07    1.74971272e+00
737      7.34500000e-07    1.74973186e+00
738      7.35500000e-07    1.74975101e+00
739      7.36500000e-07    1.74977015e+00
740      7.37500000e-07    1.74978929e+00
741      7.38500000e-07    1.74980842e+00
742      7.39500000e-07    1.74982756e+00
743      7.40500000e-07    1.74984669e+00
744      7.41500000e-07    1.74986583e+00
745      7.42500000e-07    1.74988496e+00
746      7.43500000e-07    1.74990408e+00
747      7.44500000e-07    1.74992321e+00
748      7.45500000e-07    1.74994233e+00
749      7.46500000e-07    1.74996146e+00
750      7.47500000e-07    1.74998058e+00
751      7.48500000e-07    1.74999970e+00
752      7.49500000e-07    1.75001881e+00
753      7.50500000e-07    1.75003793e+00
754      7.51500000e-07    1.75005704e+00
755      7.52500000e-07    1.75007615e+00
756      7.53500000e-07    1.75009526e+00
757      7.54500000e-07    1.75011437e+00
758      7.55500000e-07    1.75013347e+00
759      7.56500000e-07    1.75015258e+00
760      7.57500000e-07    1.75017168e+00
761      7.58500000e-07    1.75019078e+00
762      7.59500000e-07    1.75020987e+00
763      7.60500000e-07    1.75022897e+00
764      7.61500000e-07    1.75024806e+00
765      7.62500000e-07    1.75026716e+00
766      7.63500000e-07    1.75028625e+00
767      7.64500000e-07    1.75030533e+00
768      7.65500000e-07    1.75032442e+00
769      7.66500000e-07    1.75034350e+00
770      7.67500000e-07    1.75036259e+00
771      7.68500000e-07    1.75038167e+00
772      7.69500000e-07    1.75040075e+00
773      7.70500000e-07    1.75041982e+00
774      7.71500000e-07    1.75043890e+00
775      7.72500000e-07    1.75045797e+00
776      7.73500000e-07    1.75047704e+00
777      7.74500000e-07    1.75049611e+00
778      7.75500000e-07    1.75051518e+00
779      7.76500000e-07    1.75053424e+00
780      7.77500000e-07    1.75055330e+00
781      7.78500000e-07    1.75057237e+00
782      7.79500000e-07    1.75059143e+00
783      7.80500000e-07    1.75061048e+00
784      7.81500000e-07    1.75062954e+00
785      7.82500000e-07    1.75064859e+00
786      7.83500000e-07    1.75066764e+00
787      7.84500000e-07    1.75068669e+00
788      7.85500000e-07    1.75070574e+00
789      7.86500000e-07    1.75072479e+00
790      7.87500000e-07    1.75074383e+00
791      7.88500000e-07    1.75076287e+00
792      7.89500000e-07    1.75078191e+00
793      7.90500000e-07    1.75080095e+00
794      7.91500000e-07    1.75081999e+00
795      7.92500000e-07    1.75083902e+00
796      7.93500000e-07    1.75085806e+00
797      7.94500000e-07    1.75087709e+00
798      7.95500000e-07    1.75089612e+00
799      7.96500000e-07    1.75091514e+00
800      7.97500000e-07    1.75093417e+00
801      7.98500000e-07    1.75095319e+00
802      7.99500000e-07    1.75097221e+00
803      8.00500000e-07    1.75099123e+00
804      8.01500000e-07    1.75101025e+00
805      8.02500000e-07    1.75102927e+00
806      8.03500000e-07    1.75104828e+00
807      8.04500000e-07    1.75106729e+00
808      8.05500000e-07    1.75108630e+00
809      8.06500000e-07    1.75110531e+00
810      8.07500000e-07    1.75112432e+00
811      8.08500000e-07    1.75114332e+00
812      8.09500000e-07    1.75116232e+00
813      8.10500000e-07    1.75118132e+00
814      8.11500000e-07    1.75120032e+00
815      8.12500000e-07    1.75121932e+00
816      8.13500000e-07    1.75123831e+00
817      8.14500000e-07    1.75125731e+00
818      8.15500000e-07    1.75127630e+00
819      8.16500000e-07    1.75129529e+00
820      8.17500000e-07    1.75131427e+00
821      8.18500000e-07    1.75133326e+00
822      8.19500000e-07    1.75135224e+00
823      8.20500000e-07    1.75137122e+00
824      8.21500000e-07    1.75139020e+00
825      8.22500000e-07    1.75140918e+00
826      8.23500000e-07    1.75142816e+00
827      8.24500000e-07    1.75144713e+00
828      8.25500000e-07    1.75146610e+00
829      8.26500000e-07    1.75148507e+00
830      8.27500000e-07    1.75150404e+00
831      8.28500000e-07    1.75152301e+00
832      8.29500000e-07    1.75154197e+00
833      8.30500000e-07    1.75156093e+00
834      8.31500000e-07    1.75157989e+00
835      8.32500000e-07    1.75159885e+00
836      8.33500000e-07    1.75161781e+00
837      8.34500000e-07    1.75163676e+00
838      8.35500000e-07    1.75165572e+00
839      8.36500000e-07    1.75167467e+00
840      8.37500000e-07    1.75169362e+00
841      8.38500000e-07    1.75171256e+00
842      8.39500000e-07    1.75173151e+00
843      8.40500000e-07    1.75175045e+00
844      8.41500000e-07    1.75176939e+00
845      8.42500000e-07    1.75178833e+00
846      8.43500000e-07    1.75180727e+00
847      8.44500000e-07    1.75182621e+00
848      8.45500000e-07    1.75184514e+00
849      8.46500000e-07    1.75186407e+00
850      8.47500000e-07    1.75188300e+00
851      8.48500000e-07    1.75190193e+00
852      8.49500000e-07    1.75192086e+00
853      8.50500000e-07    1.75193978e+00
854      8.51500000e-07    1.75195871e+00
855      8.52500000e-07    1.75197763e+00
856      8.53500000e-07    1.75199655e+00
857      8.54500000e-07    1.75201546e+00
858      8.55500000e-07    1.75203438e+00
859      8.56500000e-07    1.75205329e+00
860      8.57500000e-07    1.75207220e+00
861      8.58500000e-07    1.75209111e+00
862      8.59500000e-07    1.75211002e+00
863      8.60500000e-07    1.75212893e+00
864      8.61500000e-07    1.75214783e+00
865      8.62500000e-07    1.75216673e+00
866      8.63500000e-07    1.75218563e+00
867      8.64500000e-07    1.75220453e+00
868      8.65500000e-07    1.75222343e+00
869      8.66500000e-07    1.75224232e+00
870      8.67500000e-07    1.75226121e+00
871      8.68500000e-07    1.75228010e+00
872      8.69500000e-07    1.75229899e+00
873      8.70500000e-07    1.75231788e+00
874      8.71500000e-07    1.75233676e+00
875      8.72500000e-07    1.75235565e+00
876      8.73500000e-07    1.75237453e+00
877      8.74500000e-07    1.75239341e+00
878      8.75500000e-07    1.75241228e+00
879      8.76500000e-07    1.75243116e+00
880      8.77500000e-07    1.75245003e+00
881      8.78500000e-07    1.75246890e+00
882      8.79500000e-07    1.75248777e+00
883      8.80500000e-07    1.75250664e+00
884      8.81500000e-07    1.75252551e+00
885      8.82500000e-07    1.75254437e+00
886      8.83500000e-07    1.75256323e+00
887      8.84500000e-07    1.75258209e+00
888      8.85500000e-07    1.75260095e+00
889      8.86500000e-07    1.75261981e+00
890      8.87500000e-07    1.75263866e+00
891      8.88500000e-07    1.75265752e+00
892      8.89500000e-07    1.75267637e+00
893      8.90500000e-07    1.75269522e+00
894      8.91500000e-07    1.75271406e+00
895      8.92500000e-07    1.75273291e+00
896      8.93500000e-07    1.75275175e+00
897      8.94500000e-07    1.75277059e+00
898      8.95500000e-07    1.75278943e+00
899      8.96500000e-07    1.75280827e+00
900      8.97500000e-07    1.75282711e+00
901      8.98500000e-07    1.75284594e+00
902      8.99500000e-07    1.75286477e+00
903      9.00500000e-07    1.75288360e+00
904      9.01500000e-07    1.75290243e+00
905      9.02500000e-07    1.75292126e+00
906      9.03500000e-07    1.75294008e+00
907      9.04500000e-07    1.75295890e+00
908      9.05500000e-07    1.75297773e+00
909      9.06500000e-07    1.75299654e+00
910      9.07500000e-07    1.75301536e+00
911      9.08500000e-07    1.75303418e+00
912      9.09500000e-07    1.75305299e+00
913      9.10500000e-07    1.75307180e+00
914      9.11500000e-07    1.75309061e+00
915      9.12500000e-07    1.75310942e+00
916      9.13500000e-07    1.75312822e+00
917      9.14500000e-07    1.75314703e+00
918      9.15500000e-07    1.75316583e+00
919      9.16500000e-07    1.75318463e+00
920      9.17500000e-07    1.75320343e+00
921      9.18500000e-07    1.75322222e+00
922      9.19500000e-07    1.75324102e+00
923      9.20500000e-07    1.75325981e+00
924      9.21500000e-07    1.75327860e+00
925      9.22500000e-07    1.75329739e+00
926      9.23500000e-07    1.75331618e+00
927      9.24500000e-07    1.75333496e+00
928      9.25500000e-07    1.75335375e+00
929      9.26500000e-07    1.75337253e+00
930      9.27500000e-07    1.75339131e+00
931      9.28500000e-07    1.75341008e+00
932      9.29500000e-07    1.75342886e+00
933      9.30500000e-07    1.75344763e+00
934      9.31500000e-07    1.75346641e+00
935      9.32500000e-07    1.75348518e+00
936      9.33500000e-07    1.75350394e+00
937      9.34500000e-07    1.75352271e+00
938      9.35500000e-07    1.75354147e+00
939      9.36500000e-07    1.75356024e+00
940      9.37500000e-07    1.75357900e+00
941      9.38500000e-07    1.75359776e+00
942      9.39500000e-07    1.75361651e+00
943      9.40500000e-07    1.75363527e+00
944      9.41500000e-07    1.75365402e+00
945      9.42500000e-07    1.75367277e+00
946      9.43500000e-07    1.75369152e+00
947      9.44500000e-07    1.75371027e+00
948      9.45500000e-07    1.75372902e+00
949      9.46500000e-07    1.75374776e+00
950      9.47500000e-07    1.75376650e+00
951      9.48500000e-07    1.75378524e+00
952      9.49500000e-07    1.75380398e+00
953      9.50500000e-07    1.75382272e+00
954      9.51500000e-07    1.75384145e+00
955      9.52500000e-07    1.75386018e+00
956      9.53500000e-07    1.75387891e+00
957      9.54500000e-07    1.75389764e+00
958      9.55500000e-07    1.75391637e+00
959      9.56500000e-07    1.75393509e+00
960      9.57500000e-07    1.75395382e+00
961      9.58500000e-07    1.75397254e+00
962      9.59500000e-07    1.75399126e+00
963      9.60500000e-07    1.75400997e+00
964      9.61500000e-07    1.75402869e+00
965      9.62500000e-07    1.75404740e+00
966      9.63500000e-07    1.75406612e+00
967      9.64500000e-07    1.75408483e+00
968      9.65500000e-07    1.75410353e+00
969      9.66500000e-07    1.75412224e+00
970      9.67500000e-07    1.75414095e+00
971      9.68500000e-07    1.75415965e+00
972      9.69500000e-07    1.75417835e+00
973      9.70500000e-07    1.75419705e+00
974      9.71500000e-07    1.75421574e+00
975      9.72500000e-07    1.75423444e+00
976      9.73500000e-07    1.75425313e+00
977      9.74500000e-07    1.75427182e+00
978      9.75500000e-07    1.75429051e+00
979      9.76500000e-07    1.75430920e+00
980      9.77500000e-07    1.75432789e+00
981      9.78500000e-07    1.75434657e+00
982      9.79500000e-07    1.75436525e+00
983      9.80500000e-07    1.75438393e+00
984      9.81500000e-07    1.75440261e+00
985      9.82500000e-07    1.75442129e+00
986      9.83500000e-07    1.75443996e+00
987      9.84500000e-07    1.75445863e+00
988      9.85500000e-07    1.75447731e+00
989      9.86500000e-07    1.75449597e+00
990      9.87500000e-07    1.75451464e+00
991      9.88500000e-07    1.75453331e+00
992      9.89500000e-07    1.75455197e+00
993      9.90500000e-07    1.75457063e+00
994      9.91500000e-07    1.75458929e+00
995      9.92500000e-07    1.75460795e+00
996      9.93500000e-07    1.75462660e+00
997      9.94500000e-07    1.75464526e+00
998      9.95500000e-07    1.75466391e+00
999      9.96500000e-07    1.75468256e+00
1000     9.97500000e-07    1.75470121e+00
1001     9.98500000e-07    1.75471986e+00
1002     9.99500000e-07    1.75473850e+00
1003     1.00000000e-06    1.75474782e+00
End of Xyce(TM) Simulation
